2002001 073 
2002002 237 
2002003 071 
2002004 204 
2002005 374 
2002006 128 
2002007 849 
2002008 852 
2002009 155 
2002010 795 
2002011 217 
2002012 482 
2002013 986 
2002014 232 
2002015 871 
2002016 171 
2002017 102 
2002018 178 
2002019 446 
2002020 737 
2002021 859 
2002022 947 
2002023 681 
2002024 197 
2002025 513 
2002026 780 
2002027 248 
2002028 810 
2002029 953 
2002030 525 
2002031 511 
2002032 133 
2002033 964 
2002034 734 
2002035 912 
2002036 334 
2002037 706 
2002038 516 
2002039 622 
2002040 305 
2002041 436 
2002042 116 
2002043 190 
2002044 082 
2002045 098 
2002046 646 
2002047 118 
2002048 409 
2002049 830 
2002050 353 
2002051 476 
2002052 565 
2002053 352 
2002054 457 
2002055 037 
2002056 733 
2002057 763 
2002058 800 
2002059 818 
2002060 692 
2002061 878 
2002062 341 
2002063 408 
2002064 779 
2002065 852 
2002066 121 
2002067 657 
2002068 482 
2002069 874 
2002070 933 
2002071 830 
2002072 222 
2002073 708 
2002074 319 
2002075 276 
2002076 867 
2002077 239 
2002078 273 
2002079 132 
2002080 443 
2002081 556 
2002082 460 
2002083 315 
2002084 083 
2002085 106 
2002086 299 
2002087 283 
2002088 775 
2002089 956 
2002090 553 
2002091 360 
2002092 435 
2002093 218 
2002094 283 
2002095 786 
2002096 427 
2002097 155 
2002098 159 
2002099 913 
2002100 635 
2002101 224 
2002102 012 
2002103 088 
2002104 818 
2002105 933 
2002106 287 
2002107 314 
2002108 584 
2002109 625 
2002110 344 
2002111 091 
2002112 990 
2002113 211 
2002114 493 
2002115 032 
2002116 888 
2002117 842 
2002118 448 
2002119 075 
2002120 770 
2002121 381 
2002122 494 
2002123 265 
2002124 042 
2002125 533 
2002126 005 
2002127 424 
2002128 813 
2002129 727 
2002130 328 
2002131 387 
2002132 773 
2002133 574 
2002134 841 
2002135 078 
2002136 206 
2002137 860 
2002138 493 
2002139 184 
2002140 651 
2002141 461 
2002142 247 
2002143 357 
2002144 323 
2002145 213 
2002146 208 
2002147 683 
2002148 793 
2002149 094 
2002150 490 
2002151 396 
2002152 992 
2002153 909 
2002154 835 
2002155 557 
2002156 189 
2002157 599 
2002158 754 
2002159 116 
2002160 322 
2002161 840 
2002162 180 
2002163 809 
2002164 341 
2002165 322 
2002166 413 
2002167 543 
2002168 620 
2002169 405 
2002170 156 
2002171 233 
2002172 827 
2002173 392 
2002174 351 
2002175 139 
2002176 519 
2002177 242 
2002178 345 
2002179 861 
2002180 551 
2002181 983 
2002182 092 
2002183 674 
2002184 605 
2002185 223 
2002186 396 
2002187 966 
2002188 630 
2002189 140 
2002190 171 
2002191 893 
2002192 068 
2002193 075 
2002194 318 
2002195 657 
2002196 428 
2002197 905 
2002198 656 
2002199 920 
2002200 076 
2002201 581 
2002202 588 
2002203 387 
2002204 179 
2002205 625 
2002206 297 
2002207 632 
2002208 474 
2002209 984 
2002210 086 
2002211 071 
2002212 565 
2002213 460 
2002214 546 
2002215 853 
2002216 596 
2002217 791 
2002218 564 
2002219 112 
2002220 302 
2002221 876 
2002222 341 
2002223 790 
2002224 377 
2002225 903 
2002226 684 
2002227 549 
2002228 576 
2002229 477 
2002230 611 
2002231 253 
2002232 040 
2002233 171 
2002234 452 
2002235 163 
2002236 418 
2002237 662 
2002238 817 
2002239 602 
2002240 711 
2002241 752 
2002242 520 
2002243 073 
2002244 064 
2002245 468 
2002246 884 
2002247 265 
2002248 251 
2002249 000 
2002250 271 
2002251 082 
2002252 991 
2002253 200 
2002254 444 
2002255 687 
2002256 624 
2002257 395 
2002258 099 
2002259 981 
2002260 143 
2002261 227 
2002262 714 
2002263 857 
2002264 876 
2002265 912 
2002266 805 
2002267 754 
2002268 975 
2002269 511 
2002270 791 
2002271 090 
2002272 768 
2002273 301 
2002274 556 
2002275 705 
2002276 787 
2002277 743 
2002278 321 
2002279 776 
2002280 300 
2002281 843 
2002282 530 
2002283 854 
2002284 886 
2002285 761 
2002286 347 
2002287 102 
2002288 360 
2002289 781 
2002290 047 
2002291 045 
2002292 823 
2002293 930 
2002294 080 
2002295 967 
2002296 730 
2002297 643 
2002298 191 
2002299 368 
2002300 728 
2002301 826 
2002302 840 
2002303 585 
2002304 976 
2002305 766 
2002306 473 
2002307 355 
2002308 235 
2002309 619 
2002310 258 
2002311 815 
2002312 882 
2002313 508 
2002314 764 
2002315 852 
2002316 882 
2002317 167 
2002318 228 
2002319 115 
2002320 013 
2002321 389 
2002322 747 
2002323 172 
2002324 389 
2002325 553 
2002326 963 
2002327 804 
2002328 750 
2002329 980 
2002330 542 
2002331 493 
2002332 306 
2002333 845 
2002334 455 
2002335 168 
2002336 226 
2002337 953 
2002338 526 
2002339 472 
2002340 610 
2002341 441 
2002342 632 
2002343 639 
2002344 070 
2002345 187 
2002346 031 
2002347 942 
2002348 270 
2002349 985 
2002350 261 
2002351 598 
2002352 159 
2002353 008 
2002354 807 
2002355 615 
2002356 596 
2002357 938 
2002358 628 
2003001 040 
2003002 038 
2003003 053 
2003004 475 
2003005 090 
2003006 143 
2003007 396 
2003008 668 
2003009 908 
2003010 171 
2003011 989 
2003012 518 
2003013 079 
2003014 832 
2003015 196 
2003016 054 
2003017 161 
2003018 838 
2003019 566 
2003020 387 
2003021 031 
2003022 391 
2003023 441 
2003024 838 
2003025 415 
2003026 339 
2003027 378 
2003028 593 
2003029 022 
2003030 629 
2003031 008 
2003032 898 
2003033 291 
2003034 668 
2003035 235 
2003036 791 
2003037 814 
2003038 011 
2003039 842 
2003040 339 
2003041 269 
2003042 993 
2003043 259 
2003044 564 
2003045 924 
2003046 463 
2003047 814 
2003048 833 
2003049 135 
2003050 416 
2003051 314 
2003052 014 
2003053 580 
2003054 897 
2003055 795 
2003056 727 
2003057 706 
2003058 658 
2003059 363 
2003060 866 
2003061 901 
2003062 699 
2003063 949 
2003064 721 
2003065 724 
2003066 650 
2003067 720 
2003068 211 
2003069 279 
2003070 466 
2003071 836 
2003072 211 
2003073 862 
2003074 725 
2003075 174 
2003076 238 
2003077 915 
2003078 016 
2003079 207 
2003080 774 
2003081 389 
2003082 732 
2003083 238 
2003084 763 
2003085 519 
2003086 812 
2003087 550 
2003088 168 
2003089 516 
2003090 822 
2003091 557 
2003092 348 
2003093 536 
2003094 890 
2003095 496 
2003096 860 
2003097 709 
2003098 997 
2003099 547 
2003100 306 
2003101 165 
2003102 804 
2003103 340 
2003104 526 
2003105 236 
2003106 785 
2003107 518 
2003108 975 
2003109 678 
2003110 884 
2003111 803 
2003112 286 
2003113 865 
2003114 705 
2003115 705 
2003116 758 
2003117 378 
2003118 891 
2003119 106 
2003120 891 
2003121 825 
2003122 096 
2003123 861 
2003124 674 
2003125 667 
2003126 393 
2003127 994 
2003128 413 
2003129 735 
2003130 202 
2003131 753 
2003132 828 
2003133 909 
2003134 324 
2003135 779 
2003136 976 
2003137 768 
2003138 537 
2003139 661 
2003140 915 
2003141 780 
2003142 514 
2003143 826 
2003144 445 
2003145 465 
2003146 464 
2003147 870 
2003148 491 
2003149 182 
2003150 760 
2003151 125 
2003152 297 
2003153 468 
2003154 756 
2003155 882 
2003156 757 
2003157 217 
2003158 735 
2003159 551 
2003160 319 
2003161 001 
2003162 794 
2003163 738 
2003164 104 
2003165 836 
2003166 289 
2003167 323 
2003168 127 
2003169 974 
2003170 648 
2003171 628 
2003172 015 
2003173 146 
2003174 435 
2003175 526 
2003176 951 
2003177 214 
2003178 564 
2003179 856 
2003180 077 
2003181 419 
2003182 938 
2003183 201 
2003184 156 
2003185 358 
2003186 785 
2003187 291 
2003188 355 
2003189 716 
2003190 619 
2003191 802 
2003192 720 
2003193 869 
2003194 243 
2003195 595 
2003196 591 
2003197 709 
2003198 340 
2003199 266 
2003200 335 
2003201 794 
2003202 810 
2003203 306 
2003204 982 
2003205 479 
2003206 390 
2003207 661 
2003208 644 
2003209 479 
2003210 580 
2003211 645 
2003212 857 
2003213 041 
2003214 597 
2003215 664 
2003216 975 
2003217 195 
2003218 346 
2003219 159 
2003220 425 
2003221 155 
2003222 386 
2003223 595 
2003224 537 
2003225 058 
2003226 928 
2003227 359 
2003228 205 
2003229 360 
2003230 670 
2003231 103 
2003232 114 
2003233 381 
2003234 140 
2003235 598 
2003236 884 
2003237 391 
2003238 931 
2003239 396 
2003240 200 
2003241 878 
2003242 546 
2003243 633 
2003244 048 
2003245 415 
2003246 414 
2003247 575 
2003248 593 
2003249 975 
2003250 740 
2003251 002 
2003252 417 
2003253 555 
2003254 515 
2003255 131 
2003256 304 
2003257 269 
2003258 506 
2003259 150 
2003260 534 
2003261 657 
2003262 871 
2003263 943 
2003264 613 
2003265 175 
2003266 225 
2003267 195 
2003268 364 
2003269 897 
2003270 298 
2003271 401 
2003272 059 
2003273 432 
2003274 611 
2003275 700 
2003276 399 
2003277 650 
2003278 366 
2003279 611 
2003280 224 
2003281 131 
2003282 589 
2003283 482 
2003284 305 
2003285 577 
2003286 526 
2003287 283 
2003288 690 
2003289 668 
2003290 673 
2003291 735 
2003292 874 
2003293 218 
2003294 244 
2003295 245 
2003296 728 
2003297 090 
2003298 062 
2003299 881 
2003300 868 
2003301 323 
2003302 162 
2003303 837 
2003304 428 
2003305 311 
2003306 038 
2003307 132 
2003308 144 
2003309 000 
2003310 090 
2003311 615 
2003312 392 
2003313 932 
2003314 884 
2003315 743 
2003316 981 
2003317 201 
2003318 023 
2003319 354 
2003320 998 
2003321 288 
2003322 545 
2003323 778 
2003324 060 
2003325 108 
2003326 821 
2003327 992 
2003328 053 
2003329 453 
2003330 548 
2003331 679 
2003332 895 
2003333 196 
2003334 563 
2003335 443 
2003336 515 
2003337 744 
2003338 021 
2003339 358 
2003340 276 
2003341 094 
2003342 197 
2003343 546 
2003344 404 
2003345 100 
2003346 154 
2003347 645 
2003348 035 
2003349 903 
2003350 301 
2003351 050 
2003352 389 
2003353 295 
2003354 689 
2003355 327 
2003356 185 
2003357 671 
2003358 643 
2003359 401 
2004001 101 
2004002 021 
2004003 670 
2004004 279 
2004005 392 
2004006 837 
2004007 132 
2004008 552 
2004009 087 
2004010 776 
2004011 212 
2004012 581 
2004013 738 
2004014 021 
2004015 135 
2004016 579 
2004017 640 
2004018 734 
2004019 761 
2004020 802 
2004021 084 
2004022 665 
2004023 642 
2004024 584 
2004025 985 
2004026 426 
2004027 541 
2004028 435 
2004029 974 
2004030 350 
2004031 689 
2004032 991 
2004033 028 
2004034 219 
2004035 067 
2004036 435 
2004037 792 
2004038 437 
2004039 072 
2004040 153 
2004041 831 
2004042 966 
2004043 740 
2004044 325 
2004045 173 
2004046 157 
2004047 213 
2004048 646 
2004049 999 
2004050 856 
2004051 302 
2004052 110 
2004053 834 
2004054 848 
2004055 162 
2004056 744 
2004057 209 
2004058 434 
2004059 839 
2004060 532 
2004061 459 
2004062 041 
2004063 723 
2004064 829 
2004065 608 
2004066 366 
2004067 414 
2004068 012 
2004069 492 
2004070 605 
2004071 570 
2004072 323 
2004073 608 
2004074 327 
2004075 682 
2004076 905 
2004077 936 
2004078 860 
2004079 879 
2004080 093 
2004081 984 
2004082 165 
2004083 044 
2004084 170 
2004085 269 
2004086 737 
2004087 163 
2004088 217 
2004089 191 
2004090 263 
2004091 018 
2004092 033 
2004093 733 
2004094 217 
2004095 819 
2004096 964 
2004097 375 
2004098 554 
2004099 920 
2004100 699 
2004101 499 
2004102 125 
2004103 223 
2004104 069 
2004105 310 
2004106 619 
2004107 251 
2004108 033 
2004109 550 
2004110 628 
2004111 631 
2004112 105 
2004113 131 
2004114 599 
2004115 698 
2004116 338 
2004117 048 
2004118 829 
2004119 173 
2004120 982 
2004121 393 
2004122 313 
2004123 950 
2004124 579 
2004125 494 
2004126 062 
2004127 753 
2004128 105 
2004129 275 
2004130 185 
2004131 971 
2004132 665 
2004133 302 
2004134 543 
2004135 992 
2004136 327 
2004137 573 
2004138 723 
2004139 562 
2004140 116 
2004141 360 
2004142 626 
2004143 919 
2004144 484 
2004145 445 
2004146 846 
2004147 161 
2004148 916 
2004149 743 
2004150 768 
2004151 289 
2004152 833 
2004153 850 
2004154 313 
2004155 772 
2004156 286 
2004157 661 
2004158 529 
2004159 064 
2004160 185 
2004161 834 
2004162 799 
2004163 509 
2004164 248 
2004165 938 
2004166 644 
2004167 215 
2004168 895 
2004169 262 
2004170 787 
2004171 986 
2004172 549 
2004173 282 
2004174 666 
2004175 816 
2004176 488 
2004177 845 
2004178 529 
2004179 691 
2004180 743 
2004181 876 
2004182 190 
2004183 831 
2004184 654 
2004185 134 
2004186 549 
2004187 039 
2004188 626 
2004189 959 
2004190 276 
2004191 004 
2004192 834 
2004193 668 
2004194 988 
2004195 452 
2004196 713 
2004197 633 
2004198 589 
2004199 314 
2004200 169 
2004201 884 
2004202 736 
2004203 707 
2004204 014 
2004205 662 
2004206 567 
2004207 159 
2004208 599 
2004209 149 
2004210 709 
2004211 628 
2004212 902 
2004213 455 
2004214 978 
2004215 905 
2004216 914 
2004217 459 
2004218 924 
2004219 400 
2004220 805 
2004221 026 
2004222 767 
2004223 052 
2004224 795 
2004225 651 
2004226 531 
2004227 963 
2004228 171 
2004229 160 
2004230 999 
2004231 467 
2004232 847 
2004233 093 
2004234 686 
2004235 242 
2004236 751 
2004237 771 
2004238 495 
2004239 515 
2004240 755 
2004241 075 
2004242 250 
2004243 280 
2004244 375 
2004245 567 
2004246 642 
2004247 115 
2004248 383 
2004249 346 
2004250 416 
2004251 070 
2004252 974 
2004253 059 
2004254 918 
2004255 025 
2004256 464 
2004257 141 
2004258 894 
2004259 102 
2004260 277 
2004261 537 
2004262 620 
2004263 967 
2004264 964 
2004265 861 
2004266 594 
2004267 338 
2004268 051 
2004269 593 
2004270 141 
2004271 273 
2004272 399 
2004273 788 
2004274 805 
2004275 079 
2004276 085 
2004277 957 
2004278 880 
2004279 460 
2004280 283 
2004281 006 
2004282 789 
2004283 851 
2004284 690 
2004285 070 
2004286 557 
2004287 986 
2004288 791 
2004289 941 
2004290 611 
2004291 144 
2004292 471 
2004293 505 
2004294 828 
2004295 607 
2004296 878 
2004297 477 
2004298 476 
2004299 439 
2004300 679 
2004301 688 
2004302 177 
2004303 264 
2004304 597 
2004305 270 
2004306 086 
2004307 936 
2004308 287 
2004309 152 
2004310 247 
2004311 798 
2004312 801 
2004313 485 
2004314 205 
2004315 800 
2004316 151 
2004317 992 
2004318 253 
2004319 911 
2004320 424 
2004321 828 
2004322 631 
2004323 339 
2004324 836 
2004325 935 
2004326 303 
2004327 227 
2004328 092 
2004329 927 
2004330 821 
2004331 731 
2004332 284 
2004333 798 
2004334 933 
2004335 066 
2004336 167 
2004337 487 
2004338 008 
2004339 378 
2004340 409 
2004341 774 
2004342 722 
2004343 229 
2004344 369 
2004345 651 
2004346 649 
2004347 357 
2004348 263 
2004349 472 
2004350 787 
2004351 419 
2004352 187 
2004353 519 
2004354 619 
2004355 107 
2004356 397 
2004357 229 
2004358 605 
2004359 321 
2005001 019 
2005002 043 
2005003 928 
2005004 052 
2005005 568 
2005006 864 
2005007 319 
2005008 003 
2005009 707 
2005010 658 
2005011 740 
2005012 854 
2005013 850 
2005014 053 
2005015 438 
2005016 107 
2005017 802 
2005018 715 
2005019 803 
2005020 766 
2005021 075 
2005022 313 
2005023 405 
2005024 271 
2005025 985 
2005026 339 
2005027 925 
2005028 389 
2005029 717 
2005030 827 
2005031 699 
2005032 853 
2005033 881 
2005034 151 
2005035 599 
2005036 275 
2005037 074 
2005038 631 
2005039 086 
2005040 723 
2005041 700 
2005042 466 
2005043 942 
2005044 934 
2005045 028 
2005046 488 
2005047 710 
2005048 005 
2005049 784 
2005050 272 
2005051 830 
2005052 493 
2005053 142 
2005054 307 
2005055 058 
2005056 257 
2005057 081 
2005058 195 
2005059 542 
2005060 717 
2005061 245 
2005062 311 
2005063 959 
2005064 600 
2005065 467 
2005066 787 
2005067 875 
2005068 958 
2005069 169 
2005070 854 
2005071 555 
2005072 595 
2005073 458 
2005074 058 
2005075 144 
2005076 053 
2005077 944 
2005078 969 
2005079 295 
2005080 553 
2005081 808 
2005082 212 
2005083 666 
2005084 880 
2005085 416 
2005086 228 
2005087 157 
2005088 571 
2005089 885 
2005090 217 
2005091 115 
2005092 816 
2005093 660 
2005094 171 
2005095 022 
2005096 606 
2005097 665 
2005098 063 
2005099 422 
2005100 549 
2005101 307 
2005102 671 
2005103 045 
2005104 869 
2005105 240 
2005106 669 
2005107 609 
2005108 203 
2005109 630 
2005110 851 
2005111 079 
2005112 529 
2005113 380 
2005114 367 
2005115 880 
2005116 830 
2005117 130 
2005118 916 
2005119 102 
2005120 502 
2005121 053 
2005122 275 
2005123 034 
2005124 333 
2005125 005 
2005126 594 
2005127 482 
2005128 596 
2005129 573 
2005130 131 
2005131 796 
2005132 180 
2005133 964 
2005134 899 
2005135 936 
2005136 489 
2005137 052 
2005138 167 
2005139 667 
2005140 572 
2005141 663 
2005142 306 
2005143 105 
2005144 494 
2005145 943 
2005146 477 
2005147 965 
2005148 168 
2005149 774 
2005150 950 
2005151 312 
2005152 949 
2005153 369 
2005154 319 
2005155 749 
2005156 430 
2005157 590 
2005158 060 
2005159 996 
2005160 791 
2005161 488 
2005162 516 
2005163 586 
2005164 361 
2005165 249 
2005166 775 
2005167 300 
2005168 664 
2005169 238 
2005170 214 
2005171 558 
2005172 370 
2005173 791 
2005174 609 
2005175 813 
2005176 517 
2005177 251 
2005178 075 
2005179 123 
2005180 268 
2005181 073 
2005182 433 
2005183 153 
2005184 918 
2005185 810 
2005186 756 
2005187 332 
2005188 818 
2005189 927 
2005190 322 
2005191 798 
2005192 353 
2005193 710 
2005194 842 
2005195 830 
2005196 654 
2005197 734 
2005198 328 
2005199 214 
2005200 667 
2005201 380 
2005202 612 
2005203 877 
2005204 073 
2005205 164 
2005206 859 
2005207 129 
2005208 598 
2005209 166 
2005210 074 
2005211 404 
2005212 994 
2005213 424 
2005214 961 
2005215 002 
2005216 951 
2005217 964 
2005218 892 
2005219 013 
2005220 158 
2005221 989 
2005222 788 
2005223 807 
2005224 794 
2005225 260 
2005226 603 
2005227 455 
2005228 209 
2005229 139 
2005230 483 
2005231 630 
2005232 175 
2005233 933 
2005234 890 
2005235 134 
2005236 495 
2005237 767 
2005238 018 
2005239 901 
2005240 871 
2005241 126 
2005242 592 
2005243 103 
2005244 331 
2005245 977 
2005246 519 
2005247 574 
2005248 900 
2005249 692 
2005250 434 
2005251 506 
2005252 557 
2005253 163 
2005254 425 
2005255 041 
2005256 751 
2005257 285 
2005258 894 
2005259 348 
2005260 158 
2005261 542 
2005262 203 
2005263 617 
2005264 393 
2005265 336 
2005266 952 
2005267 316 
2005268 927 
2005269 940 
2005270 396 
2005271 528 
2005272 290 
2005273 209 
2005274 262 
2005275 925 
2005276 783 
2005277 059 
2005278 149 
2005279 714 
2005280 041 
2005281 762 
2005282 271 
2005283 214 
2005284 220 
2005285 478 
2005286 516 
2005287 335 
2005288 185 
2005289 028 
2005290 823 
2005291 227 
2005292 428 
2005293 455 
2005294 833 
2005295 914 
2005296 531 
2005297 753 
2005298 713 
2005299 138 
2005300 895 
2005301 650 
2005302 456 
2005303 540 
2005304 332 
2005305 806 
2005306 550 
2005307 598 
2005308 868 
2005309 699 
2005310 288 
2005311 809 
2005312 313 
2005313 789 
2005314 705 
2005315 198 
2005316 272 
2005317 851 
2005318 793 
2005319 369 
2005320 922 
2005321 024 
2005322 583 
2005323 162 
2005324 139 
2005325 212 
2005326 874 
2005327 097 
2005328 009 
2005329 900 
2005330 905 
2005331 176 
2005332 208 
2005333 540 
2005334 827 
2005335 218 
2005336 248 
2005337 539 
2005338 493 
2005339 437 
2005340 998 
2005341 467 
2005342 864 
2005343 895 
2005344 381 
2005345 924 
2005346 139 
2005347 272 
2005348 038 
2005349 014 
2005350 969 
2005351 173 
2005352 540 
2005353 536 
2005354 726 
2005355 468 
2005356 681 
2005357 429 
2005358 842 
2006001 160 
2006002 110 
2006003 229 
2006004 614 
2006005 877 
2006006 713 
2006007 746 
2006008 179 
2006009 349 
2006010 624 
2006011 634 
2006012 098 
2006013 848 
2006014 400 
2006015 800 
2006016 481 
2006017 878 
2006018 884 
2006019 497 
2006020 661 
2006021 051 
2006022 900 
2006023 515 
2006024 686 
2006025 141 
2006026 497 
2006027 460 
2006028 028 
2006029 403 
2006030 964 
2006031 409 
2006032 930 
2006033 667 
2006034 314 
2006035 848 
2006036 891 
2006037 697 
2006038 715 
2006039 446 
2006040 463 
2006041 594 
2006042 710 
2006043 116 
2006044 069 
2006045 846 
2006046 021 
2006047 469 
2006048 138 
2006049 566 
2006050 153 
2006051 225 
2006052 771 
2006053 306 
2006054 835 
2006055 576 
2006056 777 
2006057 666 
2006058 128 
2006059 052 
2006060 985 
2006061 309 
2006062 708 
2006063 817 
2006064 936 
2006065 542 
2006066 277 
2006067 305 
2006068 490 
2006069 396 
2006070 929 
2006071 130 
2006072 419 
2006073 731 
2006074 306 
2006075 274 
2006076 401 
2006077 715 
2006078 321 
2006079 403 
2006080 802 
2006081 976 
2006082 967 
2006083 761 
2006084 737 
2006085 294 
2006086 756 
2006087 160 
2006088 960 
2006089 910 
2006090 467 
2006091 101 
2006092 175 
2006093 605 
2006094 304 
2006095 237 
2006096 149 
2006097 823 
2006098 203 
2006099 596 
2006100 661 
2006101 708 
2006102 040 
2006103 455 
2006104 923 
2006105 883 
2006106 478 
2006107 086 
2006108 008 
2006109 860 
2006110 724 
2006111 594 
2006112 440 
2006113 086 
2006114 913 
2006115 442 
2006116 052 
2006117 332 
2006118 355 
2006119 454 
2006120 166 
2006121 217 
2006122 940 
2006123 084 
2006124 812 
2006125 711 
2006126 133 
2006127 931 
2006128 858 
2006129 880 
2006130 036 
2006131 999 
2006132 714 
2006133 015 
2006134 292 
2006135 171 
2006136 141 
2006137 351 
2006138 128 
2006139 462 
2006140 363 
2006141 688 
2006142 435 
2006143 582 
2006144 626 
2006145 384 
2006146 364 
2006147 195 
2006148 654 
2006149 286 
2006150 848 
2006151 209 
2006152 377 
2006153 014 
2006154 960 
2006155 031 
2006156 134 
2006157 892 
2006158 275 
2006159 072 
2006160 803 
2006161 075 
2006162 348 
2006163 368 
2006164 132 
2006165 127 
2006166 426 
2006167 095 
2006168 519 
2006169 690 
2006170 407 
2006171 114 
2006172 050 
2006173 900 
2006174 357 
2006175 083 
2006176 361 
2006177 867 
2006178 577 
2006179 692 
2006180 207 
2006181 708 
2006182 949 
2006183 553 
2006184 608 
2006185 596 
2006186 215 
2006187 410 
2006188 363 
2006189 404 
2006190 453 
2006191 589 
2006192 211 
2006193 751 
2006194 510 
2006195 995 
2006196 328 
2006197 870 
2006198 001 
2006199 241 
2006200 673 
2006201 982 
2006202 842 
2006203 539 
2006204 820 
2006205 601 
2006206 557 
2006207 377 
2006208 138 
2006209 450 
2006210 085 
2006211 330 
2006212 683 
2006213 126 
2006214 666 
2006215 663 
2006216 334 
2006217 795 
2006218 440 
2006219 790 
2006220 253 
2006221 479 
2006222 718 
2006223 748 
2006224 039 
2006225 340 
2006226 685 
2006227 850 
2006228 559 
2006229 772 
2006230 279 
2006231 645 
2006232 727 
2006233 994 
2006234 666 
2006235 315 
2006236 251 
2006237 683 
2006238 165 
2006239 874 
2006240 072 
2006241 321 
2006242 433 
2006243 435 
2006244 076 
2006245 568 
2006246 410 
2006247 523 
2006248 998 
2006249 448 
2006250 411 
2006251 474 
2006252 068 
2006253 310 
2006254 023 
2006255 501 
2006256 266 
2006257 184 
2006258 158 
2006259 110 
2006260 241 
2006261 473 
2006262 457 
2006263 541 
2006264 520 
2006265 143 
2006266 973 
2006267 691 
2006268 440 
2006269 537 
2006270 083 
2006271 492 
2006272 857 
2006273 849 
2006274 426 
2006275 576 
2006276 935 
2006277 992 
2006278 793 
2006279 146 
2006280 050 
2006281 981 
2006282 043 
2006283 131 
2006284 160 
2006285 342 
2006286 921 
2006287 791 
2006288 316 
2006289 244 
2006290 918 
2006291 671 
2006292 566 
2006293 452 
2006294 152 
2006295 219 
2006296 519 
2006297 308 
2006298 363 
2006299 736 
2006300 846 
2006301 865 
2006302 237 
2006303 677 
2006304 517 
2006305 041 
2006306 417 
2006307 640 
2006308 175 
2006309 807 
2006310 958 
2006311 242 
2006312 689 
2006313 300 
2006314 783 
2006315 064 
2006316 851 
2006317 300 
2006318 503 
2006319 164 
2006320 904 
2006321 641 
2006322 959 
2006323 019 
2006324 147 
2006325 039 
2006326 189 
2006327 683 
2006328 960 
2006329 863 
2006330 455 
2006331 140 
2006332 365 
2006333 173 
2006334 182 
2006335 977 
2006336 460 
2006337 900 
2006338 447 
2006339 638 
2006340 790 
2006341 047 
2006342 695 
2006343 539 
2006344 948 
2006345 676 
2006346 760 
2006347 569 
2006348 644 
2006349 415 
2006350 802 
2006351 509 
2006352 939 
2006353 503 
2006354 283 
2006355 827 
2006356 623 
2006357 015 
2007001 019 
2007002 484 
2007003 733 
2007004 313 
2007005 736 
2007006 255 
2007007 459 
2007008 558 
2007009 504 
2007010 735 
2007011 193 
2007012 035 
2007013 550 
2007014 814 
2007015 916 
2007016 441 
2007017 956 
2007018 529 
2007019 652 
2007020 481 
2007021 577 
2007022 305 
2007023 581 
2007024 296 
2007025 392 
2007026 344 
2007027 790 
2007028 748 
2007029 575 
2007030 747 
2007031 975 
2007032 551 
2007033 928 
2007034 414 
2007035 409 
2007036 485 
2007037 570 
2007038 195 
2007039 712 
2007040 212 
2007041 359 
2007042 393 
2007043 321 
2007044 522 
2007045 400 
2007046 208 
2007047 304 
2007048 418 
2007049 363 
2007050 951 
2007051 892 
2007052 899 
2007053 078 
2007054 204 
2007055 656 
2007056 403 
2007057 668 
2007058 295 
2007059 029 
2007060 987 
2007061 144 
2007062 775 
2007063 326 
2007064 617 
2007065 500 
2007066 889 
2007067 016 
2007068 691 
2007069 683 
2007070 163 
2007071 394 
2007072 914 
2007073 977 
2007074 745 
2007075 071 
2007076 399 
2007077 623 
2007078 666 
2007079 710 
2007080 379 
2007081 827 
2007082 942 
2007083 180 
2007084 811 
2007085 687 
2007086 574 
2007087 905 
2007088 258 
2007089 589 
2007090 071 
2007091 779 
2007092 958 
2007093 368 
2007094 415 
2007095 074 
2007096 845 
2007097 755 
2007098 006 
2007099 304 
2007100 488 
2007101 418 
2007102 245 
2007103 671 
2007104 130 
2007105 177 
2007106 642 
2007107 529 
2007108 653 
2007109 602 
2007110 630 
2007111 296 
2007112 579 
2007113 324 
2007114 810 
2007115 717 
2007116 144 
2007117 209 
2007118 400 
2007119 225 
2007120 735 
2007121 831 
2007122 904 
2007123 790 
2007124 518 
2007125 045 
2007126 425 
2007127 066 
2007128 746 
2007129 952 
2007130 468 
2007131 342 
2007132 724 
2007133 218 
2007134 152 
2007135 762 
2007136 257 
2007137 400 
2007138 190 
2007139 291 
2007140 655 
2007141 731 
2007142 470 
2007143 759 
2007144 391 
2007145 119 
2007146 951 
2007147 336 
2007148 806 
2007149 009 
2007150 505 
2007151 885 
2007152 948 
2007153 321 
2007154 775 
2007155 481 
2007156 859 
2007157 602 
2007158 636 
2007159 012 
2007160 225 
2007161 443 
2007162 407 
2007163 094 
2007164 179 
2007165 073 
2007166 581 
2007167 085 
2007168 539 
2007169 404 
2007170 669 
2007171 772 
2007172 503 
2007173 734 
2007174 212 
2007175 942 
2007176 811 
2007177 848 
2007178 989 
2007179 269 
2007180 701 
2007181 417 
2007182 518 
2007183 480 
2007184 998 
2007185 662 
2007186 208 
2007187 451 
2007188 774 
2007189 505 
2007190 488 
2007191 603 
2007192 014 
2007193 818 
2007194 154 
2007195 537 
2007196 030 
2007197 024 
2007198 942 
2007199 289 
2007200 818 
2007201 284 
2007202 274 
2007203 384 
2007204 033 
2007205 153 
2007206 511 
2007207 828 
2007208 746 
2007209 607 
2007210 476 
2007211 755 
2007212 319 
2007213 138 
2007214 513 
2007215 644 
2007216 492 
2007217 037 
2007218 590 
2007219 862 
2007220 263 
2007221 611 
2007222 801 
2007223 687 
2007224 830 
2007225 592 
2007226 585 
2007227 420 
2007228 141 
2007229 584 
2007230 021 
2007231 482 
2007232 739 
2007233 855 
2007234 302 
2007235 358 
2007236 552 
2007237 047 
2007238 193 
2007239 323 
2007240 675 
2007241 398 
2007242 117 
2007243 492 
2007244 095 
2007245 062 
2007246 884 
2007247 393 
2007248 119 
2007249 360 
2007250 706 
2007251 941 
2007252 882 
2007253 573 
2007254 981 
2007255 692 
2007256 952 
2007257 373 
2007258 173 
2007259 649 
2007260 268 
2007261 235 
2007262 062 
2007263 217 
2007264 696 
2007265 432 
2007266 547 
2007267 838 
2007268 493 
2007269 825 
2007270 781 
2007271 453 
2007272 466 
2007273 052 
2007274 817 
2007275 866 
2007276 669 
2007277 814 
2007278 615 
2007279 498 
2007280 891 
2007281 728 
2007282 631 
2007283 417 
2007284 473 
2007285 301 
2007286 188 
2007287 356 
2007288 573 
2007289 861 
2007290 736 
2007291 661 
2007292 732 
2007293 321 
2007294 605 
2007295 666 
2007296 519 
2007297 947 
2007298 545 
2007299 664 
2007300 908 
2007301 364 
2007302 110 
2007303 700 
2007304 338 
2007305 511 
2007306 507 
2007307 749 
2007308 627 
2007309 334 
2007310 960 
2007311 013 
2007312 784 
2007313 196 
2007314 343 
2007315 816 
2007316 430 
2007317 214 
2007318 125 
2007319 051 
2007320 924 
2007321 494 
2007322 349 
2007323 331 
2007324 112 
2007325 674 
2007326 558 
2007327 423 
2007328 545 
2007329 732 
2007330 124 
2007331 535 
2007332 913 
2007333 284 
2007334 119 
2007335 747 
2007336 785 
2007337 399 
2007338 856 
2007339 450 
2007340 105 
2007341 667 
2007342 606 
2007343 852 
2007344 675 
2007345 476 
2007346 793 
2007347 279 
2007348 992 
2007349 522 
2007350 889 
2007351 558 
2007352 798 
2007353 377 
2007354 239 
2007355 129 
2007356 831 
2007357 495 
2008001 346 
2008002 790 
2008003 353 
2008004 094 
2008005 517 
2008006 020 
2008007 302 
2008008 149 
2008009 030 
2008010 765 
2008011 380 
2008012 153 
2008013 369 
2008014 616 
2008015 448 
2008016 954 
2008017 950 
2008018 793 
2008019 573 
2008020 745 
2008021 999 
2008022 254 
2008023 112 
2008024 016 
2008025 960 
2008026 088 
2008027 825 
2008028 674 
2008029 562 
2008030 984 
2008031 136 
2008032 183 
2008033 505 
2008034 807 
2008035 570 
2008036 320 
2008037 149 
2008038 312 
2008039 372 
2008040 898 
2008041 125 
2008042 266 
2008043 320 
2008044 149 
2008045 930 
2008046 179 
2008047 230 
2008048 308 
2008049 403 
2008050 428 
2008051 363 
2008052 690 
2008053 156 
2008054 132 
2008055 828 
2008056 830 
2008057 172 
2008058 802 
2008059 793 
2008060 570 
2008061 543 
2008062 933 
2008063 544 
2008064 898 
2008065 738 
2008066 857 
2008067 662 
2008068 249 
2008069 437 
2008070 612 
2008071 303 
2008072 268 
2008073 816 
2008074 400 
2008075 706 
2008076 457 
2008077 475 
2008078 014 
2008079 022 
2008080 357 
2008081 026 
2008082 659 
2008083 669 
2008084 979 
2008085 081 
2008086 407 
2008087 409 
2008088 322 
2008089 042 
2008090 159 
2008091 160 
2008092 418 
2008093 148 
2008094 144 
2008095 979 
2008096 382 
2008097 836 
2008098 040 
2008099 154 
2008100 626 
2008101 934 
2008102 945 
2008103 000 
2008104 300 
2008105 492 
2008106 653 
2008107 624 
2008108 199 
2008109 918 
2008110 464 
2008111 469 
2008112 154 
2008113 102 
2008114 274 
2008115 327 
2008116 560 
2008117 032 
2008118 442 
2008119 408 
2008120 487 
2008121 904 
2008122 197 
2008123 545 
2008124 781 
2008125 422 
2008126 610 
2008127 560 
2008128 385 
2008129 931 
2008130 466 
2008131 817 
2008132 228 
2008133 082 
2008134 721 
2008135 416 
2008136 226 
2008137 427 
2008138 364 
2008139 179 
2008140 303 
2008141 180 
2008142 938 
2008143 640 
2008144 971 
2008145 064 
2008146 028 
2008147 831 
2008148 925 
2008149 083 
2008150 625 
2008151 724 
2008152 590 
2008153 067 
2008154 869 
2008155 717 
2008156 985 
2008157 788 
2008158 386 
2008159 752 
2008160 747 
2008161 273 
2008162 132 
2008163 151 
2008164 057 
2008165 307 
2008166 128 
2008167 242 
2008168 680 
2008169 923 
2008170 371 
2008171 959 
2008172 419 
2008173 597 
2008174 553 
2008175 470 
2008176 674 
2008177 448 
2008178 615 
2008179 049 
2008180 667 
2008181 001 
2008182 865 
2008183 085 
2008184 589 
2008185 697 
2008186 152 
2008187 374 
2008188 413 
2008189 409 
2008190 340 
2008191 950 
2008192 524 
2008193 103 
2008194 840 
2008195 409 
2008196 161 
2008197 964 
2008198 979 
2008199 164 
2008200 465 
2008201 458 
2008202 156 
2008203 563 
2008204 799 
2008205 681 
2008206 683 
2008207 647 
2008208 833 
2008209 914 
2008210 458 
2008211 280 
2008212 640 
2008213 728 
2008214 864 
2008215 015 
2008216 166 
2008217 962 
2008218 884 
2008219 751 
2008220 213 
2008221 529 
2008222 636 
2008223 934 
2008224 525 
2008225 032 
2008226 837 
2008227 167 
2008228 661 
2008229 604 
2008230 913 
2008231 395 
2008232 132 
2008233 766 
2008234 076 
2008235 837 
2008236 622 
2008237 699 
2008238 223 
2008239 538 
2008240 431 
2008241 107 
2008242 725 
2008243 647 
2008244 000 
2008245 750 
2008246 931 
2008247 896 
2008248 795 
2008249 914 
2008250 369 
2008251 404 
2008252 050 
2008253 337 
2008254 928 
2008255 182 
2008256 055 
2008257 190 
2008258 201 
2008259 528 
2008260 002 
2008261 223 
2008262 032 
2008263 700 
2008264 268 
2008265 489 
2008266 309 
2008267 210 
2008268 768 
2008269 980 
2008270 186 
2008271 816 
2008272 815 
2008273 409 
2008274 922 
2008275 020 
2008276 891 
2008277 560 
2008278 786 
2008279 896 
2008280 234 
2008281 766 
2008282 579 
2008283 315 
2008284 549 
2008285 547 
2008286 209 
2008287 794 
2008288 836 
2008289 045 
2008290 144 
2008291 997 
2008292 819 
2008293 905 
2008294 835 
2008295 808 
2008296 320 
2008297 749 
2008298 107 
2008299 104 
2008300 794 
2008301 294 
2008302 424 
2008303 971 
2008304 525 
2008305 679 
2008306 764 
2008307 843 
2008308 172 
2008309 867 
2008310 967 
2008311 518 
2008312 633 
2008313 178 
2008314 518 
2008315 548 
2008316 493 
2008317 000 
2008318 096 
2008319 003 
2008320 053 
2008321 535 
2008322 355 
2008323 106 
2008324 991 
2008325 811 
2008326 502 
2008327 213 
2008328 440 
2008329 052 
2008330 007 
2008331 368 
2008332 433 
2008333 398 
2008334 736 
2008335 187 
2008336 687 
2008337 915 
2008338 071 
2008339 452 
2008340 342 
2008341 699 
2008342 368 
2008343 541 
2008344 119 
2008345 393 
2008346 982 
2008347 807 
2008348 014 
2008349 400 
2008350 364 
2008351 055 
2008352 632 
2008353 813 
2008354 801 
2008355 820 
2008356 363 
2008357 475 
2008358 159 
2008359 927 
2009001 671 
2009002 754 
2009003 438 
2009004 951 
2009005 499 
2009006 037 
2009007 916 
2009008 196 
2009009 047 
2009010 397 
2009011 403 
2009012 157 
2009013 626 
2009014 434 
2009015 869 
2009016 304 
2009017 740 
2009018 334 
2009019 514 
2009020 328 
2009021 135 
2009022 358 
2009023 344 
2009024 429 
2009025 141 
2009026 384 
2009027 298 
2009028 506 
2009029 918 
2009030 785 
2009031 529 
2009032 194 
2009033 444 
2009034 767 
2009035 514 
2009036 236 
2009037 147 
2009038 540 
2009039 897 
2009040 440 
2009041 968 
2009042 140 
2009043 268 
2009044 737 
2009045 375 
2009046 989 
2009047 393 
2009048 939 
2009049 834 
2009050 508 
2009051 416 
2009052 389 
2009053 645 
2009054 698 
2009055 567 
2009056 652 
2009057 658 
2009058 208 
2009059 359 
2009060 774 
2009061 207 
2009062 443 
2009063 994 
2009064 661 
2009065 055 
2009066 665 
2009067 016 
2009068 718 
2009069 085 
2009070 351 
2009071 047 
2009072 821 
2009073 303 
2009074 328 
2009075 999 
2009076 988 
2009077 576 
2009078 558 
2009079 892 
2009080 530 
2009081 456 
2009082 376 
2009083 877 
2009084 076 
2009085 852 
2009086 161 
2009087 821 
2009088 809 
2009089 046 
2009090 003 
2009091 851 
2009092 085 
2009093 069 
2009094 290 
2009095 792 
2009096 402 
2009097 474 
2009098 937 
2009099 436 
2009100 585 
2009101 485 
2009102 197 
2009103 730 
2009104 515 
2009105 691 
2009106 580 
2009107 985 
2009108 207 
2009109 832 
2009110 603 
2009111 645 
2009112 477 
2009113 705 
2009114 359 
2009115 048 
2009116 192 
2009117 505 
2009118 663 
2009119 146 
2009120 301 
2009121 181 
2009122 431 
2009123 992 
2009124 223 
2009125 644 
2009126 736 
2009127 539 
2009128 974 
2009129 056 
2009130 269 
2009131 373 
2009132 832 
2009133 419 
2009134 986 
2009135 722 
2009136 570 
2009137 302 
2009138 890 
2009139 412 
2009140 731 
2009141 938 
2009142 218 
2009143 221 
2009144 097 
2009145 110 
2009146 714 
2009147 566 
2009148 831 
2009149 063 
2009150 719 
2009151 453 
2009152 572 
2009153 389 
2009154 351 
2009155 188 
2009156 841 
2009157 508 
2009158 139 
2009159 037 
2009160 627 
2009161 048 
2009162 995 
2009163 838 
2009164 147 
2009165 354 
2009166 209 
2009167 817 
2009168 565 
2009169 475 
2009170 446 
2009171 200 
2009172 919 
2009173 713 
2009174 965 
2009175 586 
2009176 551 
2009177 059 
2009178 247 
2009179 362 
2009180 035 
2009181 500 
2009182 288 
2009183 696 
2009184 623 
2009185 845 
2009186 017 
2009187 510 
2009188 911 
2009189 281 
2009190 534 
2009191 640 
2009192 669 
2009193 348 
2009194 214 
2009195 279 
2009196 468 
2009197 889 
2009198 298 
2009199 612 
2009200 823 
2009201 188 
2009202 230 
2009203 830 
2009204 062 
2009205 083 
2009206 284 
2009207 367 
2009208 013 
2009209 154 
2009210 304 
2009211 681 
2009212 642 
2009213 567 
2009214 239 
2009215 318 
2009216 648 
2009217 685 
2009218 061 
2009219 822 
2009220 317 
2009221 856 
2009222 761 
2009223 740 
2009224 176 
2009225 438 
2009226 457 
2009227 244 
2009228 738 
2009229 597 
2009230 772 
2009231 127 
2009232 438 
2009233 807 
2009234 073 
2009235 063 
2009236 323 
2009237 844 
2009238 963 
2009239 173 
2009240 299 
2009241 773 
2009242 156 
2009243 695 
2009244 423 
2009245 454 
2009246 751 
2009247 804 
2009248 412 
2009249 550 
2009250 319 
2009251 587 
2009252 399 
2009253 707 
2009254 008 
2009255 906 
2009256 860 
2009257 839 
2009258 549 
2009259 666 
2009260 423 
2009261 398 
2009262 790 
2009263 292 
2009264 345 
2009265 869 
2009266 894 
2009267 937 
2009268 480 
2009269 430 
2009270 759 
2009271 335 
2009272 566 
2009273 095 
2009274 593 
2009275 615 
2009276 608 
2009277 940 
2009278 367 
2009279 684 
2009280 956 
2009281 459 
2009282 850 
2009283 161 
2009284 654 
2009285 911 
2009286 349 
2009287 056 
2009288 490 
2009289 344 
2009290 004 
2009291 879 
2009292 374 
2009293 779 
2009294 960 
2009295 672 
2009296 591 
2009297 729 
2009298 310 
2009299 880 
2009300 744 
2009301 669 
2009302 849 
2009303 610 
2009304 552 
2009305 640 
2009306 583 
2009307 551 
2009308 030 
2009309 818 
2009310 965 
2009311 789 
2009312 817 
2009313 663 
2009314 789 
2009315 581 
2009316 073 
2009317 480 
2009318 607 
2009319 633 
2009320 692 
2009321 081 
2009322 827 
2009323 003 
2009324 942 
2009325 879 
2009326 950 
2009327 554 
2009328 402 
2009329 844 
2009330 607 
2009331 915 
2009332 897 
2009333 336 
2009334 519 
2009335 877 
2009336 918 
2009337 752 
2009338 634 
2009339 638 
2009340 159 
2009341 654 
2009342 587 
2009343 876 
2009344 292 
2009345 691 
2009346 603 
2009347 016 
2009348 578 
2009349 721 
2009350 052 
2009351 645 
2009352 374 
2009353 308 
2009354 454 
2009355 566 
2009356 712 
2009357 837 
2009358 670 
2010001 591 
2010002 938 
2010003 610 
2010004 496 
2010005 927 
2010006 560 
2010007 281 
2010008 397 
2010009 109 
2010010 875 
2010011 115 
2010012 426 
2010013 969 
2010014 196 
2010015 827 
2010016 111 
2010017 483 
2010018 829 
2010019 260 
2010020 924 
2010021 714 
2010022 217 
2010023 528 
2010024 773 
2010025 858 
2010026 677 
2010027 353 
2010028 740 
2010029 910 
2010030 394 
2010031 514 
2010032 393 
2010033 974 
2010034 075 
2010035 927 
2010036 903 
2010037 474 
2010038 041 
2010039 882 
2010040 072 
2010041 538 
2010042 214 
2010043 357 
2010044 821 
2010045 988 
2010046 796 
2010047 093 
2010048 516 
2010049 423 
2010050 314 
2010051 465 
2010052 065 
2010053 494 
2010054 113 
2010055 131 
2010056 759 
2010057 317 
2010058 023 
2010059 181 
2010060 290 
2010061 397 
2010062 513 
2010063 784 
2010064 706 
2010065 943 
2010066 213 
2010067 305 
2010068 125 
2010069 101 
2010070 174 
2010071 949 
2010072 822 
2010073 932 
2010074 010 
2010075 407 
2010076 349 
2010077 176 
2010078 114 
2010079 843 
2010080 568 
2010081 975 
2010082 719 
2010083 476 
2010084 559 
2010085 972 
2010086 383 
2010087 671 
2010088 470 
2010089 149 
2010090 954 
2010091 913 
2010092 228 
2010093 144 
2010094 848 
2010095 338 
2010096 760 
2010097 893 
2010098 242 
2010099 217 
2010100 732 
2010101 257 
2010102 872 
2010103 081 
2010104 465 
2010105 190 
2010106 342 
2010107 232 
2010108 841 
2010109 027 
2010110 763 
2010111 185 
2010112 263 
2010113 414 
2010114 409 
2010115 938 
2010116 643 
2010117 749 
2010118 105 
2010119 941 
2010120 855 
2010121 056 
2010122 768 
2010123 235 
2010124 743 
2010125 019 
2010126 827 
2010127 077 
2010128 082 
2010129 929 
2010130 020 
2010131 761 
2010132 591 
2010133 086 
2010134 879 
2010135 634 
2010136 076 
2010137 954 
2010138 873 
2010139 156 
2010140 810 
2010141 190 
2010142 232 
2010143 776 
2010144 337 
2010145 667 
2010146 135 
2010147 106 
2010148 268 
2010149 637 
2010150 641 
2010151 304 
2010152 882 
2010153 000 
2010154 207 
2010155 286 
2010156 836 
2010157 852 
2010158 332 
2010159 056 
2010160 161 
2010161 310 
2010162 450 
2010163 820 
2010164 022 
2010165 057 
2010166 503 
2010167 528 
2010168 898 
2010169 861 
2010170 059 
2010171 119 
2010172 147 
2010173 062 
2010174 756 
2010175 345 
2010176 001 
2010177 289 
2010178 176 
2010179 760 
2010180 526 
2010181 379 
2010182 266 
2010183 350 
2010184 837 
2010185 427 
2010186 701 
2010187 019 
2010188 247 
2010189 674 
2010190 935 
2010191 432 
2010192 168 
2010193 623 
2010194 277 
2010195 650 
2010196 948 
2010197 787 
2010198 312 
2010199 486 
2010200 493 
2010201 700 
2010202 041 
2010203 485 
2010204 535 
2010205 132 
2010206 838 
2010207 468 
2010208 248 
2010209 801 
2010210 828 
2010211 249 
2010212 097 
2010213 720 
2010214 666 
2010215 878 
2010216 688 
2010217 642 
2010218 715 
2010219 748 
2010220 672 
2010221 478 
2010222 130 
2010223 744 
2010224 252 
2010225 068 
2010226 434 
2010227 259 
2010228 519 
2010229 764 
2010230 248 
2010231 613 
2010232 379 
2010233 575 
2010234 354 
2010235 007 
2010236 671 
2010237 175 
2010238 171 
2010239 901 
2010240 402 
2010241 612 
2010242 803 
2010243 280 
2010244 457 
2010245 043 
2010246 535 
2010247 075 
2010248 463 
2010249 692 
2010250 267 
2010251 340 
2010252 665 
2010253 945 
2010254 945 
2010255 914 
2010256 775 
2010257 021 
2010258 557 
2010259 162 
2010260 823 
2010261 794 
2010262 240 
2010263 413 
2010264 178 
2010265 199 
2010266 743 
2010267 036 
2010268 419 
2010269 270 
2010270 897 
2010271 660 
2010272 320 
2010273 815 
2010274 794 
2010275 686 
2010276 665 
2010277 016 
2010278 127 
2010279 407 
2010280 199 
2010281 551 
2010282 144 
2010283 303 
2010284 140 
2010285 016 
2010286 501 
2010287 071 
2010288 916 
2010289 771 
2010290 770 
2010291 129 
2010292 291 
2010293 074 
2010294 090 
2010295 798 
2010296 713 
2010297 374 
2010298 975 
2010299 216 
2010300 084 
2010301 965 
2010302 621 
2010303 449 
2010304 340 
2010305 513 
2010306 642 
2010307 442 
2010308 498 
2010309 377 
2010310 017 
2010311 371 
2010312 970 
2010313 586 
2010314 573 
2010315 855 
2010316 111 
2010317 670 
2010318 050 
2010319 605 
2010320 345 
2010321 608 
2010322 578 
2010323 280 
2010324 298 
2010325 809 
2010326 006 
2010327 506 
2010328 094 
2010329 594 
2010330 378 
2010331 726 
2010332 743 
2010333 805 
2010334 447 
2010335 296 
2010336 568 
2010337 921 
2010338 693 
2010339 040 
2010340 302 
2010341 917 
2010342 794 
2010343 146 
2010344 703 
2010345 020 
2010346 033 
2010347 469 
2010348 097 
2010349 638 
2010350 194 
2010351 245 
2010352 295 
2010353 085 
2010354 537 
2010355 804 
2010356 869 
2010357 510 
2010358 228 
2011001 142 
2011002 726 
2011003 937 
2011004 640 
2011005 571 
2011006 242 
2011007 285 
2011008 982 
2011009 176 
2011010 573 
2011011 635 
2011012 587 
2011013 879 
2011014 277 
2011015 809 
2011016 777 
2011017 813 
2011018 141 
2011019 358 
2011020 164 
2011021 215 
2011022 782 
2011023 777 
2011024 388 
2011025 546 
2011026 591 
2011027 677 
2011028 347 
2011029 679 
2011030 013 
2011031 937 
2011032 265 
2011033 106 
2011034 200 
2011035 219 
2011036 350 
2011037 063 
2011038 404 
2011039 784 
2011040 958 
2011041 286 
2011042 208 
2011043 133 
2011044 456 
2011045 224 
2011046 816 
2011047 954 
2011048 458 
2011049 730 
2011050 316 
2011051 281 
2011052 057 
2011053 278 
2011054 518 
2011055 742 
2011056 940 
2011057 030 
2011058 062 
2011059 960 
2011060 528 
2011061 843 
2011062 160 
2011063 806 
2011064 725 
2011065 420 
2011066 809 
2011067 544 
2011068 108 
2011069 753 
2011070 334 
2011071 782 
2011072 428 
2011073 172 
2011074 087 
2011075 287 
2011076 746 
2011077 206 
2011078 246 
2011079 785 
2011080 648 
2011081 100 
2011082 491 
2011083 868 
2011084 721 
2011085 337 
2011086 368 
2011087 194 
2011088 342 
2011089 219 
2011090 796 
2011091 315 
2011092 431 
2011093 369 
2011094 849 
2011095 784 
2011096 006 
2011097 429 
2011098 022 
2011099 652 
2011100 714 
2011101 886 
2011102 329 
2011103 666 
2011104 329 
2011105 927 
2011106 158 
2011107 907 
2011108 788 
2011109 920 
2011110 247 
2011111 523 
2011112 574 
2011113 294 
2011114 628 
2011115 827 
2011116 178 
2011117 358 
2011118 727 
2011119 083 
2011120 759 
2011121 220 
2011122 555 
2011123 769 
2011124 791 
2011125 006 
2011126 055 
2011127 467 
2011128 691 
2011129 082 
2011130 038 
2011131 454 
2011132 418 
2011133 016 
2011134 225 
2011135 809 
2011136 559 
2011137 958 
2011138 475 
2011139 265 
2011140 819 
2011141 915 
2011142 789 
2011143 058 
2011144 644 
2011145 494 
2011146 500 
2011147 163 
2011148 439 
2011149 926 
2011150 773 
2011151 541 
2011152 721 
2011153 456 
2011154 682 
2011155 256 
2011156 212 
2011157 582 
2011158 608 
2011159 769 
2011160 510 
2011161 371 
2011162 573 
2011163 635 
2011164 704 
2011165 162 
2011166 454 
2011167 941 
2011168 017 
2011169 922 
2011170 157 
2011171 725 
2011172 227 
2011173 763 
2011174 412 
2011175 262 
2011176 905 
2011177 697 
2011178 145 
2011179 170 
2011180 804 
2011181 918 
2011182 353 
2011183 341 
2011184 209 
2011185 767 
2011186 242 
2011187 931 
2011188 430 
2011189 472 
2011190 464 
2011191 351 
2011192 746 
2011193 868 
2011194 210 
2011195 385 
2011196 415 
2011197 638 
2011198 985 
2011199 263 
2011200 552 
2011201 348 
2011202 750 
2011203 017 
2011204 127 
2011205 341 
2011206 144 
2011207 699 
2011208 439 
2011209 992 
2011210 540 
2011211 779 
2011212 862 
2011213 109 
2011214 911 
2011215 457 
2011216 969 
2011217 618 
2011218 648 
2011219 485 
2011220 999 
2011221 069 
2011222 713 
2011223 345 
2011224 610 
2011225 863 
2011226 242 
2011227 084 
2011228 820 
2011229 176 
2011230 936 
2011231 827 
2011232 452 
2011233 002 
2011234 211 
2011235 056 
2011236 634 
2011237 662 
2011238 301 
2011239 787 
2011240 975 
2011241 868 
2011242 697 
2011243 866 
2011244 716 
2011245 080 
2011246 650 
2011247 684 
2011248 370 
2011249 358 
2011250 770 
2011251 251 
2011252 808 
2011253 560 
2011254 497 
2011255 068 
2011256 214 
2011257 818 
2011258 442 
2011259 365 
2011260 628 
2011261 189 
2011262 525 
2011263 928 
2011264 499 
2011265 080 
2011266 248 
2011267 501 
2011268 599 
2011269 399 
2011270 139 
2011271 355 
2011272 643 
2011273 416 
2011274 342 
2011275 360 
2011276 509 
2011277 265 
2011278 087 
2011279 241 
2011280 567 
2011281 481 
2011282 753 
2011283 436 
2011284 902 
2011285 632 
2011286 531 
2011287 429 
2011288 422 
2011289 455 
2011290 240 
2011291 310 
2011292 961 
2011293 098 
2011294 717 
2011295 624 
2011296 766 
2011297 042 
2011298 872 
2011299 567 
2011300 838 
2011301 947 
2011302 171 
2011303 385 
2011304 350 
2011305 010 
2011306 754 
2011307 261 
2011308 433 
2011309 268 
2011310 469 
2011311 539 
2011312 068 
2011313 180 
2011314 708 
2011315 330 
2011316 933 
2011317 134 
2011318 116 
2011319 443 
2011320 442 
2011321 944 
2011322 220 
2011323 724 
2011324 436 
2011325 385 
2011326 381 
2011327 791 
2011328 619 
2011329 838 
2011330 890 
2011331 934 
2011332 805 
2011333 246 
2011334 783 
2011335 762 
2011336 541 
2011337 724 
2011338 808 
2011339 613 
2011340 045 
2011341 961 
2011342 333 
2011343 920 
2011344 908 
2011345 580 
2011346 993 
2011347 533 
2011348 772 
2011349 781 
2011350 368 
2011351 145 
2011352 589 
2011353 012 
2011354 489 
2011355 488 
2011356 917 
2011357 193 
2011358 254 
2012001 309 
2012002 209 
2012003 750 
2012004 960 
2012005 135 
2012006 882 
2012007 880 
2012008 497 
2012009 166 
2012010 594 
2012011 315 
2012012 224 
2012013 317 
2012014 637 
2012015 180 
2012016 749 
2012017 538 
2012018 030 
2012019 045 
2012020 446 
2012021 967 
2012022 425 
2012023 633 
2012024 997 
2012025 755 
2012026 746 
2012027 263 
2012028 731 
2012029 100 
2012030 982 
2012031 195 
2012032 421 
2012033 865 
2012034 465 
2012035 369 
2012036 287 
2012037 978 
2012038 032 
2012039 757 
2012040 470 
2012041 664 
2012042 001 
2012043 525 
2012044 723 
2012045 026 
2012046 493 
2012047 642 
2012048 875 
2012049 808 
2012050 035 
2012051 302 
2012052 355 
2012053 663 
2012054 103 
2012055 712 
2012056 607 
2012057 608 
2012058 096 
2012059 269 
2012060 492 
2012061 763 
2012062 023 
2012063 128 
2012064 478 
2012065 775 
2012066 648 
2012067 193 
2012068 856 
2012069 693 
2012070 757 
2012071 759 
2012072 795 
2012073 069 
2012074 841 
2012075 537 
2012076 606 
2012077 388 
2012078 122 
2012079 457 
2012080 482 
2012081 922 
2012082 325 
2012083 116 
2012084 618 
2012085 912 
2012086 973 
2012087 544 
2012088 363 
2012089 080 
2012090 549 
2012091 220 
2012092 553 
2012093 002 
2012094 668 
2012095 588 
2012096 870 
2012097 861 
2012098 996 
2012099 405 
2012100 413 
2012101 695 
2012102 077 
2012103 301 
2012104 990 
2012105 382 
2012106 436 
2012107 728 
2012108 758 
2012109 120 
2012110 645 
2012111 810 
2012112 383 
2012113 070 
2012114 850 
2012115 086 
2012116 339 
2012117 665 
2012118 518 
2012119 100 
2012120 436 
2012121 694 
2012122 585 
2012123 234 
2012124 108 
2012125 143 
2012126 507 
2012127 985 
2012128 431 
2012129 368 
2012130 290 
2012131 527 
2012132 659 
2012133 347 
2012134 698 
2012135 987 
2012136 748 
2012137 517 
2012138 537 
2012139 036 
2012140 390 
2012141 214 
2012142 349 
2012143 185 
2012144 923 
2012145 628 
2012146 197 
2012147 502 
2012148 732 
2012149 031 
2012150 828 
2012151 140 
2012152 802 
2012153 746 
2012154 843 
2012155 267 
2012156 862 
2012157 015 
2012158 162 
2012159 543 
2012160 962 
2012161 369 
2012162 832 
2012163 643 
2012164 651 
2012165 364 
2012166 112 
2012167 212 
2012168 405 
2012169 012 
2012170 661 
2012171 242 
2012172 769 
2012173 887 
2012174 875 
2012175 976 
2012176 327 
2012177 694 
2012178 127 
2012179 921 
2012180 277 
2012181 847 
2012182 861 
2012183 245 
2012184 921 
2012185 309 
2012186 247 
2012187 484 
2012188 252 
2012189 083 
2012190 964 
2012191 558 
2012192 928 
2012193 944 
2012194 346 
2012195 626 
2012196 877 
2012197 639 
2012198 619 
2012199 503 
2012200 632 
2012201 803 
2012202 398 
2012203 583 
2012204 108 
2012205 295 
2012206 265 
2012207 030 
2012208 613 
2012209 641 
2012210 393 
2012211 843 
2012212 547 
2012213 297 
2012214 965 
2012215 284 
2012216 873 
2012217 253 
2012218 565 
2012219 152 
2012220 098 
2012221 351 
2012222 099 
2012223 093 
2012224 573 
2012225 652 
2012226 879 
2012227 485 
2012228 108 
2012229 149 
2012230 333 
2012231 908 
2012232 708 
2012233 897 
2012234 418 
2012235 422 
2012236 332 
2012237 739 
2012238 307 
2012239 810 
2012240 167 
2012241 247 
2012242 572 
2012243 237 
2012244 936 
2012245 749 
2012246 578 
2012247 514 
2012248 690 
2012249 412 
2012250 023 
2012251 195 
2012252 670 
2012253 466 
2012254 203 
2012255 132 
2012256 694 
2012257 773 
2012258 913 
2012259 340 
2012260 442 
2012261 401 
2012262 869 
2012263 799 
2012264 797 
2012265 419 
2012266 181 
2012267 343 
2012268 339 
2012269 625 
2012270 992 
2012271 140 
2012272 989 
2012273 667 
2012274 267 
2012275 447 
2012276 468 
2012277 994 
2012278 021 
2012279 538 
2012280 718 
2012281 438 
2012282 866 
2012283 166 
2012284 756 
2012285 997 
2012286 304 
2012287 271 
2012288 094 
2012289 034 
2012290 099 
2012291 199 
2012292 646 
2012293 061 
2012294 005 
2012295 103 
2012296 407 
2012297 156 
2012298 408 
2012299 925 
2012300 539 
2012301 706 
2012302 317 
2012303 764 
2012304 150 
2012305 042 
2012306 057 
2012307 974 
2012308 921 
2012309 071 
2012310 899 
2012311 743 
2012312 831 
2012313 743 
2012314 181 
2012315 371 
2012316 709 
2012317 315 
2012318 110 
2012319 286 
2012320 428 
2012321 936 
2012322 524 
2012323 889 
2012324 114 
2012325 656 
2012326 814 
2012327 310 
2012328 644 
2012329 595 
2012330 534 
2012331 382 
2012332 523 
2012333 744 
2012334 006 
2012335 493 
2012336 250 
2012337 576 
2012338 097 
2012339 294 
2012340 046 
2012341 204 
2012342 373 
2012343 296 
2012344 293 
2012345 896 
2012346 992 
2012347 576 
2012348 851 
2012349 266 
2012350 676 
2012351 035 
2012352 123 
2012353 823 
2012354 779 
2012355 636 
2012356 546 
2012357 194 
2012358 554 
2012359 309 
2013001 203 
2013002 670 
2013003 166 
2013004 760 
2013005 622 
2013006 457 
2013007 147 
2013008 556 
2013009 921 
2013010 632 
2013011 209 
2013012 688 
2013013 922 
2013014 417 
2013015 228 
2013016 038 
2013017 380 
2013018 347 
2013019 866 
2013020 929 
2013021 918 
2013022 250 
2013023 807 
2013024 268 
2013025 540 
2013026 857 
2013027 308 
2013028 113 
2013029 149 
2013030 732 
2013031 762 
2013032 849 
2013033 277 
2013034 330 
2013035 632 
2013036 658 
2013037 364 
2013038 640 
2013039 639 
2013040 549 
2013041 851 
2013042 496 
2013043 536 
2013044 318 
2013045 039 
2013046 966 
2013047 784 
2013048 290 
2013049 636 
2013050 556 
2013051 676 
2013052 556 
2013053 564 
2013054 497 
2013055 456 
2013056 139 
2013057 243 
2013058 082 
2013059 251 
2013060 549 
2013061 675 
2013062 669 
2013063 641 
2013064 176 
2013065 328 
2013066 041 
2013067 832 
2013068 770 
2013069 115 
2013070 235 
2013071 360 
2013072 831 
2013073 222 
2013074 288 
2013075 617 
2013076 174 
2013077 184 
2013078 032 
2013079 780 
2013080 466 
2013081 857 
2013082 249 
2013083 602 
2013084 721 
2013085 693 
2013086 895 
2013087 034 
2013088 381 
2013089 192 
2013090 955 
2013091 137 
2013092 632 
2013093 737 
2013094 028 
2013095 215 
2013096 039 
2013097 792 
2013098 759 
2013099 450 
2013100 338 
2013101 921 
2013102 536 
2013103 203 
2013104 014 
2013105 484 
2013106 492 
2013107 985 
2013108 343 
2013109 167 
2013110 418 
2013111 466 
2013112 996 
2013113 836 
2013114 171 
2013115 901 
2013116 407 
2013117 808 
2013118 393 
2013119 451 
2013120 569 
2013121 073 
2013122 465 
2013123 832 
2013124 963 
2013125 510 
2013126 410 
2013127 667 
2013128 849 
2013129 020 
2013130 991 
2013131 798 
2013132 155 
2013133 329 
2013134 228 
2013135 850 
2013136 231 
2013137 627 
2013138 579 
2013139 907 
2013140 592 
2013141 782 
2013142 930 
2013143 060 
2013144 890 
2013145 389 
2013146 464 
2013147 843 
2013148 825 
2013149 452 
2013150 736 
2013151 943 
2013152 149 
2013153 288 
2013154 349 
2013155 296 
2013156 775 
2013157 383 
2013158 613 
2013159 098 
2013160 210 
2013161 537 
2013162 292 
2013163 104 
2013164 732 
2013165 300 
2013166 042 
2013167 242 
2013168 556 
2013169 344 
2013170 128 
2013171 890 
2013172 406 
2013173 506 
2013174 714 
2013175 185 
2013176 307 
2013177 169 
2013178 927 
2013179 368 
2013180 642 
2013181 248 
2013182 944 
2013183 693 
2013184 487 
2013185 916 
2013186 170 
2013187 188 
2013188 020 
2013189 026 
2013190 719 
2013191 315 
2013192 170 
2013193 493 
2013194 806 
2013195 398 
2013196 100 
2013197 115 
2013198 566 
2013199 814 
2013200 573 
2013201 498 
2013202 603 
2013203 300 
2013204 506 
2013205 798 
2013206 493 
2013207 473 
2013208 044 
2013209 928 
2013210 139 
2013211 749 
2013212 082 
2013213 660 
2013214 826 
2013215 157 
2013216 383 
2013217 965 
2013218 112 
2013219 232 
2013220 630 
2013221 999 
2013222 260 
2013223 811 
2013224 579 
2013225 884 
2013226 550 
2013227 427 
2013228 410 
2013229 003 
2013230 962 
2013231 468 
2013232 441 
2013233 367 
2013234 846 
2013235 625 
2013236 714 
2013237 874 
2013238 117 
2013239 091 
2013240 569 
2013241 718 
2013242 528 
2013243 361 
2013244 393 
2013245 742 
2013246 906 
2013247 559 
2013248 115 
2013249 307 
2013250 904 
2013251 753 
2013252 573 
2013253 683 
2013254 956 
2013255 295 
2013256 598 
2013257 398 
2013258 055 
2013259 413 
2013260 626 
2013261 227 
2013262 643 
2013263 681 
2013264 748 
2013265 373 
2013266 552 
2013267 051 
2013268 414 
2013269 166 
2013270 295 
2013271 385 
2013272 309 
2013273 568 
2013274 600 
2013275 250 
2013276 954 
2013277 393 
2013278 134 
2013279 409 
2013280 194 
2013281 005 
2013282 846 
2013283 547 
2013284 169 
2013285 165 
2013286 192 
2013287 200 
2013288 748 
2013289 740 
2013290 323 
2013291 667 
2013292 093 
2013293 956 
2013294 198 
2013295 342 
2013296 943 
2013297 803 
2013298 732 
2013299 207 
2013300 383 
2013301 776 
2013302 882 
2013303 289 
2013304 212 
2013305 860 
2013306 291 
2013307 694 
2013308 378 
2013309 982 
2013310 271 
2013311 358 
2013312 784 
2013313 898 
2013314 711 
2013315 899 
2013316 088 
2013317 197 
2013318 244 
2013319 460 
2013320 573 
2013321 987 
2013322 648 
2013323 114 
2013324 167 
2013325 863 
2013326 233 
2013327 405 
2013328 957 
2013329 529 
2013330 004 
2013331 224 
2013332 423 
2013333 789 
2013334 680 
2013335 008 
2013336 423 
2013337 030 
2013338 517 
2013339 867 
2013340 805 
2013341 980 
2013342 899 
2013343 776 
2013344 149 
2013345 072 
2013346 019 
2013347 554 
2013348 574 
2013349 524 
2013350 322 
2013351 726 
2013352 176 
2013353 185 
2013354 024 
2013355 293 
2013356 164 
2013357 320 
2013358 968 
2014001 687 
2014002 634 
2014003 643 
2014004 955 
2014005 755 
2014006 992 
2014007 283 
2014008 590 
2014009 432 
2014010 645 
2014011 319 
2014012 368 
2014013 613 
2014014 945 
2014015 742 
2014016 224 
2014017 057 
2014018 474 
2014019 610 
2014020 087 
2014021 875 
2014022 969 
2014023 303 
2014024 344 
2014025 683 
2014026 300 
2014027 774 
2014028 805 
2014029 618 
2014030 488 
2014031 204 
2014032 256 
2014033 444 
2014034 335 
2014035 723 
2014036 630 
2014037 809 
2014038 004 
2014039 478 
2014040 068 
2014041 702 
2014042 156 
2014043 854 
2014044 585 
2014045 236 
2014046 248 
2014047 903 
2014048 214 
2014049 392 
2014050 757 
2014051 310 
2014052 793 
2014053 700 
2014054 257 
2014055 761 
2014056 386 
2014057 502 
2014058 210 
2014059 871 
2014060 977 
2014061 819 
2014062 300 
2014063 742 
2014064 361 
2014065 208 
2014066 693 
2014067 072 
2014068 968 
2014069 652 
2014070 911 
2014071 537 
2014072 662 
2014073 036 
2014074 921 
2014075 146 
2014076 559 
2014077 712 
2014078 630 
2014079 206 
2014080 670 
2014081 544 
2014082 934 
2014083 521 
2014084 558 
2014085 623 
2014086 056 
2014087 030 
2014088 404 
2014089 506 
2014090 482 
2014091 495 
2014092 303 
2014093 998 
2014094 285 
2014095 553 
2014096 738 
2014097 389 
2014098 548 
2014099 286 
2014100 170 
2014101 892 
2014102 352 
2014103 250 
2014104 957 
2014105 613 
2014106 970 
2014107 669 
2014108 960 
2014109 965 
2014110 768 
2014111 487 
2014112 429 
2014113 124 
2014114 243 
2014115 645 
2014116 910 
2014117 829 
2014118 182 
2014119 383 
2014120 758 
2014121 743 
2014122 499 
2014123 315 
2014124 701 
2014125 852 
2014126 588 
2014127 341 
2014128 780 
2014129 145 
2014130 211 
2014131 870 
2014132 139 
2014133 650 
2014134 085 
2014135 409 
2014136 840 
2014137 169 
2014138 587 
2014139 764 
2014140 901 
2014141 921 
2014142 594 
2014143 244 
2014144 077 
2014145 612 
2014146 367 
2014147 578 
2014148 180 
2014149 262 
2014150 107 
2014151 391 
2014152 821 
2014153 392 
2014154 115 
2014155 677 
2014156 419 
2014157 575 
2014158 411 
2014159 312 
2014160 045 
2014161 946 
2014162 587 
2014163 668 
2014164 341 
2014165 466 
2014166 316 
2014167 986 
2014168 481 
2014169 279 
2014170 630 
2014171 631 
2014172 843 
2014173 359 
2014174 659 
2014175 347 
2014176 685 
2014177 260 
2014178 077 
2014179 130 
2014180 199 
2014181 806 
2014182 804 
2014183 987 
2014184 397 
2014185 636 
2014186 284 
2014187 876 
2014188 965 
2014189 858 
2014190 597 
2014191 411 
2014192 208 
2014193 531 
2014194 626 
2014195 895 
2014196 883 
2014197 832 
2014198 980 
2014199 648 
2014200 583 
2014201 363 
2014202 627 
2014203 648 
2014204 284 
2014205 272 
2014206 657 
2014207 258 
2014208 241 
2014209 194 
2014210 585 
2014211 697 
2014212 553 
2014213 447 
2014214 770 
2014215 175 
2014216 938 
2014217 354 
2014218 238 
2014219 859 
2014220 628 
2014221 384 
2014222 672 
2014223 444
2014224 689
2014225 902
2014226 675
2014227 703
2014228 855
2014229 681
2014230 688
2014231 803
2014232 119
2014233 283
2014234 580
2014235 330
2014236 430
